cordic_50
x: [ -10   5710  11410  17110  22810  28510  34210  39910  45610  51310
  57010  62710  68410  74110  79810  85510  91210  96910 102610 108310
 114010 119710 125410 131110 136810 142510 148210 153910 159610 165310
 171010 176710 182410 188110 193810 199510 205210 210910 216610 222310
 228010 233710 239410 245110 250810 256510 262210 267910 273610 279310
 285010 290710 296410 302110 307810 313510 319210 324910 330610 336310
 342010 347710 352410 ]
y: [ -10   5700  11400  17100  22800  28500  34200  39900  45600  51300
  57000  62700  68400  74100  79800  85500  91200  96900 102600 108300
 114000 119700 125400 131100 136800 142500 148200 153900 159600 165300
 171000 176700 182400 188100 193800 199500 205200 210900 216600 222300
 228000 233700 239400 245100 250800 256500 262200 267900 273600 279300
 285000 290700 296400 302100 307800 313500 319200 324900 330600 336300
 342000 349230 ]
cordic_100
x: [ -10   5710  11410  17110  22810  28510  34210  39910  45610  51310
  57010  62710  68410  74110  79810  85510  91210  96910 102610 108310
 114010 119710 125410 131110 136810 142510 148210 153910 159610 165310
 171010 176710 182410 188110 193810 199510 205210 210910 216610 222310
 228010 233710 239410 245110 250810 256510 262210 267910 273610 279310
 285010 290710 296410 302110 307810 313510 319210 324910 330610 336310
 342010 347710 352410 ]
y: [ -10   5700  11400  17100  22800  28500  34200  39900  45600  51300
  57000  62700  68400  74100  79800  85500  91200  96900 102600 108300
 114000 119700 125400 131100 136800 142500 148200 153900 159600 165300
 171000 176700 182400 188100 193800 199500 205200 210900 216600 222300
 228000 233700 239400 245100 250800 256500 262200 267900 273600 279300
 285000 290700 296400 302100 307800 313500 319200 324900 330600 336300
 342000 349230 ]
cordic_150
x: [ -10   5710  11410  17110  22810  28510  34210  39910  45610  51310
  57010  62710  68410  74110  79810  85510  91210  96910 102610 108310
 114010 119710 125410 131110 136810 142510 148210 153910 159610 165310
 171010 176710 182410 188110 193810 199510 205210 210910 216610 222310
 228010 233710 239410 245110 250810 256510 262210 267910 273610 279310
 285010 290710 296410 302110 307810 313510 319210 324910 330610 336310
 342010 347710 352410 ]
y: [ -10   5700  11400  17100  22800  28500  34200  39900  45600  51300
  57000  62700  68400  74100  79800  85500  91200  96900 102600 108300
 114000 119700 125400 131100 136800 142500 148200 153900 159600 165300
 171000 176700 182400 188100 193800 199500 205200 210900 216600 222300
 228000 233700 239400 245100 250800 256500 262200 267900 273600 279300
 285000 290700 296400 302100 307800 313500 319200 324900 330600 336300
 342000 349230 ]
cordic_200
x: [ -10   5710  11410  17110  22810  28510  34210  39910  45610  51310
  57010  62710  68410  74110  79810  85510  91210  96910 102610 108310
 114010 119710 125410 131110 136810 142510 148210 153910 159610 165310
 171010 176710 182410 188110 193810 199510 205210 210910 216610 222310
 228010 233710 239410 245110 250810 256510 262210 267910 273610 279310
 285010 290710 296410 302110 307810 313510 319210 324910 330610 336310
 342010 347710 353210 ]
y: [ -10   5700  11400  17100  22800  28500  34200  39900  45600  51300
  57000  62700  68400  74100  79800  85500  91200  96900 102600 108300
 114000 119700 125400 131100 136800 142500 148200 153900 159600 165300
 171000 176700 182400 188100 193800 199500 205200 210900 216600 222300
 228000 233700 239400 245100 250800 256500 262200 267900 273600 279300
 285000 290700 296400 302100 307800 313500 319200 324900 330600 336300
 342000 349230 ]
aes_128_50
x: [ -10    5710   11410   17110   22810   28510   34210   39910   45610
   51310   57010   62710   68410   74110   79810   85510   91210   96910
  102610  108310  114010  119710  125410  131110  136810  142510  148210
  153910  159610  165310  171010  176710  182410  188110  193810  199510
  205210  210910  216610  222310  228010  233710  239410  245110  250810
  256510  262210  267910  273610  279310  285010  290710  296410  302110
  307810  313510  319210  324910  330610  336310  342010  347710  353410
  359110  364810  370510  376210  381910  387610  393310  399010  404710
  410410  416110  421810  427510  433210  438910  444610  450310  456010
  461710  467410  473110  478810  484510  490210  495910  501610  507310
  513010  518710  524410  530110  535810  541510  547210  552910  558610
  564310  570010  575710  581410  587110  592810  598510  604210  609910
  615610  621310  627010  632710  638410  644110  649810  655510  661210
  666910  672610  678310  684010  689710  695410  701110  706810  712510
  718210  723910  729610  735310  741010  746710  752410  758110  763810
  769510  775210  780910  786610  792310  798010  803710  809410  815110
  820810  826510  832210  837910  843610  849310  855010  860710  866410
  872110  877810  883510  889210  894910  900610  906310  912010  917710
  923410  929110  934810  940510  946210  951910  957610  963310  969010
  974710  980410  986110  991810  997510 1003210 1008910 1014610 1020310
 1026010 1031710 1037410 1043110 1048810 1054510 1060210 1065910 1071610
 1077310 1083010 1088710 1094410 1100110 1105810 1111510 1117210 1122910
 1128610 1134310 1140010 1145710 1151410 1157110 1162810 1168510 1174210
 1179910 1185610 1191310 1197010 1202710 1208410 1214110 1219810 1225510
 1231210 1236910 1242610 1248310 1254010 1259710 1265410 1271110 1276810
 1282510 1288210 1293910 1299610 1305310 1311010 1316710 1322410 1328110
 1333810 1339510 1345210 1350910 1356610 1362310 1368010 1373710 1379410
 1385110 1390810 1396510 1402210 1407910 1413610 1419310 1425010 1430710
 1436410 1442110 1447810 1453510 1459210 1464910 1470610 1476310 1482010
 1487710 1493410 1499110 1504810 1510510 1516210 1521910 1527610 1533310
 1539010 1544710 1550410 1556110 1561810 1567510 1573210 1578910 1584610
 1590310 1596010 1601710 1607410 1613110 1618810 1624510 1630210 1635910
 1641610 1647310 1653010 1658710 1664410 1670110 1675810 1681510 1687210
 1692910 1698610 1704310 1710010 1715710 1721410 1727110 1732810 1738510
 1744210 1749910 1755610 1761310 1767010 1772710 1778410 1784110 1789810
 1795510 1801210 1806810 ]
y: [    -10    5700   11400   17100   22800   28500   34200   39900   45600
   51300   57000   62700   68400   74100   79800   85500   91200   96900
  102600  108300  114000  119700  125400  131100  136800  142500  148200
  153900  159600  165300  171000  176700  182400  188100  193800  199500
  205200  210900  216600  222300  228000  233700  239400  245100  250800
  256500  262200  267900  273600  279300  285000  290700  296400  302100
  307800  313500  319200  324900  330600  336300  342000  347700  353400
  359100  364800  370500  376200  381900  387600  393300  399000  404700
  410400  416100  421800  427500  433200  438900  444600  450300  456000
  461700  467400  473100  478800  484500  490200  495900  501600  507300
  513000  518700  524400  530100  535800  541500  547200  552900  558600
  564300  570000  575700  581400  587100  592800  598500  604200  609900
  615600  621300  627000  632700  638400  644100  649800  655500  661200
  666900  672600  678300  684000  689700  695400  701100  706800  712500
  718200  723900  729600  735300  741000  746700  752400  758100  763800
  769500  775200  780900  786600  792300  798000  803700  809400  815100
  820800  826500  832200  837900  843600  849300  855000  860700  866400
  872100  877800  883500  889200  894900  900600  906300  912000  917700
  923400  929100  934800  940500  946200  951900  957600  963300  969000
  974700  980400  986100  991800  997500 1003200 1008900 1014600 1020300
 1026000 1031700 1037400 1043100 1048800 1054500 1060200 1065900 1071600
 1077300 1083000 1088700 1094400 1100100 1105800 1111500 1117200 1122900
 1128600 1134300 1140000 1145700 1151400 1157100 1162800 1168500 1174200
 1179900 1185600 1191300 1197000 1202700 1208400 1214100 1219800 1225500
 1231200 1236900 1242600 1248300 1254000 1259700 1265400 1271100 1276800
 1282500 1288200 1293900 1299600 1305300 1311000 1316700 1322400 1328100
 1333800 1339500 1345200 1350900 1356600 1362300 1368000 1373700 1379400
 1385100 1390800 1396500 1402200 1407900 1413600 1419300 1425000 1430700
 1436400 1442100 1447800 1453500 1459200 1464900 1470600 1476300 1482000
 1487700 1493400 1499100 1504800 1510500 1516200 1521900 1527600 1533300
 1539000 1544700 1550400 1556100 1561800 1567500 1573200 1578900 1584600
 1590300 1596000 1601700 1607400 1613100 1618800 1624500 1630200 1635900
 1641600 1647300 1653000 1658700 1664400 1670100 1675800 1681500 1687200
 1692900 1698600 1704300 1710000 1715700 1721400 1727100 1732800 1738500
 1744200 1749900 1755600 1761300 1767000 1772700 1778400 1784100 1789800
 1795500  ]
aes_128_100
x: [    -10    5710   11410   17110   22810   28510   34210   39910   45610
   51310   57010   62710   68410   74110   79810   85510   91210   96910
  102610  108310  114010  119710  125410  131110  136810  142510  148210
  153910  159610  165310  171010  176710  182410  188110  193810  199510
  205210  210910  216610  222310  228010  233710  239410  245110  250810
  256510  262210  267910  273610  279310  285010  290710  296410  302110
  307810  313510  319210  324910  330610  336310  342010  347710  353410
  359110  364810  370510  376210  381910  387610  393310  399010  404710
  410410  416110  421810  427510  433210  438910  444610  450310  456010
  461710  467410  473110  478810  484510  490210  495910  501610  507310
  513010  518710  524410  530110  535810  541510  547210  552910  558610
  564310  570010  575710  581410  587110  592810  598510  604210  609910
  615610  621310  627010  632710  638410  644110  649810  655510  661210
  666910  672610  678310  684010  689710  695410  701110  706810  712510
  718210  723910  729610  735310  741010  746710  752410  758110  763810
  769510  775210  780910  786610  792310  798010  803710  809410  815110
  820810  826510  832210  837910  843610  849310  855010  860710  866410
  872110  877810  883510  889210  894910  900610  906310  912010  917710
  923410  929110  934810  940510  946210  951910  957610  963310  969010
  974710  980410  986110  991810  997510 1003210 1008910 1014610 1020310
 1026010 1031710 1037410 1043110 1048810 1054510 1060210 1065910 1071610
 1077310 1083010 1088710 1094410 1100110 1105810 1111510 1117210 1122910
 1128610 1134310 1140010 1145710 1151410 1157110 1162810 1168510 1174210
 1179910 1185610 1191310 1197010 1202710 1208410 1214110 1219810 1225510
 1231210 1236910 1242610 1248310 1254010 1259710 1265410 1271110 1276810
 1282510 1288210 1293910 1299610 1305310 1311010 1316710 1322410 1328110
 1333810 1339510 1345210 1350910 1356610 1362310 1368010 1373710 1379410
 1385110 1390810 1396510 1402210 1407910 1413610 1419310 1425010 1430710
 1436410 1442110 1447810 1453510 1459210 1464910 1470610 1476310 1482010
 1487710 1493410 1499110 1504810 1510510 1516210 1521910 1527610 1533310
 1539010 1544710 1550410 1556110 1561810 1567510 1573210 1578910 1584610
 1590310 1596010 1601710 1607410 1613110 1618810 1624510 1630210 1635910
 1641610 1647310 1653010 1658710 1664410 1670110 1675810 1681510 1687210
 1692910 1698610 1704310 1710010 1715710 1721410 1727110 1732810 1738510
 1744210 1749910 1755610 1761310 1767010 1772710 1778410 1784110 1789810
 1795510 1799610 ]
y: [    -10 5700 11400 17100 22800 28500 34200   39900   45600
   51300   57000   62700   68400 74100  79800   85500   91200   96900
  102600  108300  114000  119700  125400  131100  136800  142500  148200
  153900  159600  165300  171000  176700  182400  188100  193800  199500
  205200  210900  216600  222300  228000  233700  239400  245100  250800
  256500  262200  267900  273600  279300  285000  290700  296400  302100
  307800  313500  319200  324900  330600  336300  342000  347700  353400
  359100  364800  370500  376200  381900  387600  393300  399000  404700
  410400  416100  421800  427500  433200  438900  444600  450300  456000
  461700  467400  473100  478800  484500  490200  495900  501600  507300
  513000  518700  524400  530100  535800  541500  547200  552900  558600
  564300  570000  575700  581400  587100  592800  598500  604200  609900
  615600  621300  627000  632700  638400  644100  649800  655500  661200
  666900  672600  678300  684000  689700  695400  701100  706800  712500
  718200  723900  729600  735300  741000  746700  752400  758100  763800
  769500  775200  780900  786600  792300  798000  803700  809400  815100
  820800  826500  832200  837900  843600  849300  855000  860700  866400
  872100  877800  883500  889200  894900  900600  906300  912000  917700
  923400  929100  934800  940500  946200  951900  957600  963300  969000
  974700  980400  986100  991800  997500 1003200 1008900 1014600 1020300
 1026000 1031700 1037400 1043100 1048800 1054500 1060200 1065900 1071600
 1077300 1083000 1088700 1094400 1100100 1105800 1111500 1117200 1122900
 1128600 1134300 1140000 1145700 1151400 1157100 1162800 1168500 1174200
 1179900 1185600 1191300 1197000 1202700 1208400 1214100 1219800 1225500
 1231200 1236900 1242600 1248300 1254000 1259700 1265400 1271100 1276800
 1282500 1288200 1293900 1299600 1305300 1311000 1316700 1322400 1328100
 1333800 1339500 1345200 1350900 1356600 1362300 1368000 1373700 1379400
 1385100 1390800 1396500 1402200 1407900 1413600 1419300 1425000 1430700
 1436400 1442100 1447800 1453500 1459200 1464900 1470600 1476300 1482000
 1487700 1493400 1499100 1504800 1510500 1516200 1521900 1527600 1533300
 1539000 1544700 1550400 1556100 1561800 1567500 1573200 1578900 1584600
 1590300 1596000 1601700 1607400 1613100 1618800 1624500 1630200 1635900
 1641600 1647300 1653000 1658700 1664400 1670100 1675800 1681500 1687200
 1692900 1698600 1704300 1710000 1715700 1721400 1727100 1732800 1738500
 1744200 1749900 1755600 1761300 1767000 1772700 1778400 1784100 1789800
 1795500 1799310 ]
aes_128_150
x: [    -10    5710   11410   17110   22810   28510   34210   39910   45610
   51310   57010   62710   68410   74110   79810   85510   91210   96910
  102610  108310  114010  119710  125410  131110  136810  142510  148210
  153910  159610  165310  171010  176710  182410  188110  193810  199510
  205210  210910  216610  222310  228010  233710  239410  245110  250810
  256510  262210  267910  273610  279310  285010  290710  296410  302110
  307810  313510  319210  324910  330610  336310  342010  347710  353410
  359110  364810  370510  376210  381910  387610  393310  399010  404710
  410410  416110  421810  427510  433210  438910  444610  450310  456010
  461710  467410  473110  478810  484510  490210  495910  501610  507310
  513010  518710  524410  530110  535810  541510  547210  552910  558610
  564310  570010  575710  581410  587110  592810  598510  604210  609910
  615610  621310  627010  632710  638410  644110  649810  655510  661210
  666910  672610  678310  684010  689710  695410  701110  706810  712510
  718210  723910  729610  735310  741010  746710  752410  758110  763810
  769510  775210  780910  786610  792310  798010  803710  809410  815110
  820810  826510  832210  837910  843610  849310  855010  860710  866410
  872110  877810  883510  889210  894910  900610  906310  912010  917710
  923410  929110  934810  940510  946210  951910  957610  963310  969010
  974710  980410  986110  991810  997510 1003210 1008910 1014610 1020310
 1026010 1031710 1037410 1043110 1048810 1054510 1060210 1065910 1071610
 1077310 1083010 1088710 1094410 1100110 1105810 1111510 1117210 1122910
 1128610 1134310 1140010 1145710 1151410 1157110 1162810 1168510 1174210
 1179910 1185610 1191310 1197010 1202710 1208410 1214110 1219810 1225510
 1231210 1236910 1242610 1248310 1254010 1259710 1265410 1271110 1276810
 1282510 1288210 1293910 1299610 1305310 1311010 1316710 1322410 1328110
 1333810 1339510 1345210 1350910 1356610 1362310 1368010 1373710 1379410
 1385110 1390810 1396510 1402210 1407910 1413610 1419310 1425010 1430710
 1436410 1442110 1447810 1453510 1459210 1464910 1470610 1476310 1482010
 1487710 1493410 1499110 1504810 1510510 1516210 1521910 1527610 1533310
 1539010 1544710 1550410 1556110 1561810 1567510 1573210 1578910 1584610
 1590310 1596010 1601710 1607410 1613110 1618810 1624510 1630210 1635910
 1641610 1647310 1653010 1658710 1664410 1670110 1675810 1681510 1687210
 1692910 1698610 1704310 1710010 1715710 1721410 1727110 1732810 1738510
 1744210 1749910 1755610 1761310 1767010 1772710 1778410 1784110 1789810
 1795510 1801210 1804810]
y: [    -10    5700   11400   17100   22800   28500   34200   39900   45600
   51300   57000   62700   68400   74100   79800   85500   91200   96900
  102600  108300  114000  119700  125400  131100  136800  142500  148200
  153900  159600  165300  171000  176700  182400  188100  193800  199500
  205200  210900  216600  222300  228000  233700  239400  245100  250800
  256500  262200  267900  273600  279300  285000  290700  296400  302100
  307800  313500  319200  324900  330600  336300  342000  347700  353400
  359100  364800  370500  376200  381900  387600  393300  399000  404700
  410400  416100  421800  427500  433200  438900  444600  450300  456000
  461700  467400  473100  478800  484500  490200  495900  501600  507300
  513000  518700  524400  530100  535800  541500  547200  552900  558600
  564300  570000  575700  581400  587100  592800  598500  604200  609900
  615600  621300  627000  632700  638400  644100  649800  655500  661200
  666900  672600  678300  684000  689700  695400  701100  706800  712500
  718200  723900  729600  735300  741000  746700  752400  758100  763800
  769500  775200  780900  786600  792300  798000  803700  809400  815100
  820800  826500  832200  837900  843600  849300  855000  860700  866400
  872100  877800  883500  889200  894900  900600  906300  912000  917700
  923400  929100  934800  940500  946200  951900  957600  963300  969000
  974700  980400  986100  991800  997500 1003200 1008900 1014600 1020300
 1026000 1031700 1037400 1043100 1048800 1054500 1060200 1065900 1071600
 1077300 1083000 1088700 1094400 1100100 1105800 1111500 1117200 1122900
 1128600 1134300 1140000 1145700 1151400 1157100 1162800 1168500 1174200
 1179900 1185600 1191300 1197000 1202700 1208400 1214100 1219800 1225500
 1231200 1236900 1242600 1248300 1254000 1259700 1265400 1271100 1276800
 1282500 1288200 1293900 1299600 1305300 1311000 1316700 1322400 1328100
 1333800 1339500 1345200 1350900 1356600 1362300 1368000 1373700 1379400
 1385100 1390800 1396500 1402200 1407900 1413600 1419300 1425000 1430700
 1436400 1442100 1447800 1453500 1459200 1464900 1470600 1476300 1482000
 1487700 1493400 1499100 1504800 1510500 1516200 1521900 1527600 1533300
 1539000 1544700 1550400 1556100 1561800 1567500 1573200 1578900 1584600
 1590300 1596000 1601700 1607400 1613100 1618800 1624500 1630200 1635900
 1641600 1647300 1653000 1658700 1664400 1670100 1675800 1681500 1687200
 1692900 1698600 1704300 1710000 1715700 1721400 1727100 1732800 1738500
 1744200 1749900 1755600 1761300 1767000 1772700 1778400 1784100 1789800
 1795500 1802730]
aes_128_200
x: [    -10    5710   11410   17110   22810   28510   34210   39910   45610
   51310   57010   62710   68410   74110   79810   85510   91210   96910
  102610  108310  114010  119710  125410  131110  136810  142510  148210
  153910  159610  165310  171010  176710  182410  188110  193810  199510
  205210  210910  216610  222310  228010  233710  239410  245110  250810
  256510  262210  267910  273610  279310  285010  290710  296410  302110
  307810  313510  319210  324910  330610  336310  342010  347710  353410
  359110  364810  370510  376210  381910  387610  393310  399010  404710
  410410  416110  421810  427510  433210  438910  444610  450310  456010
  461710  467410  473110  478810  484510  490210  495910  501610  507310
  513010  518710  524410  530110  535810  541510  547210  552910  558610
  564310  570010  575710  581410  587110  592810  598510  604210  609910
  615610  621310  627010  632710  638410  644110  649810  655510  661210
  666910  672610  678310  684010  689710  695410  701110  706810  712510
  718210  723910  729610  735310  741010  746710  752410  758110  763810
  769510  775210  780910  786610  792310  798010  803710  809410  815110
  820810  826510  832210  837910  843610  849310  855010  860710  866410
  872110  877810  883510  889210  894910  900610  906310  912010  917710
  923410  929110  934810  940510  946210  951910  957610  963310  969010
  974710  980410  986110  991810  997510 1003210 1008910 1014610 1020310
 1026010 1031710 1037410 1043110 1048810 1054510 1060210 1065910 1071610
 1077310 1083010 1088710 1094410 1100110 1105810 1111510 1117210 1122910
 1128610 1134310 1140010 1145710 1151410 1157110 1162810 1168510 1174210
 1179910 1185610 1191310 1197010 1202710 1208410 1214110 1219810 1225510
 1231210 1236910 1242610 1248310 1254010 1259710 1265410 1271110 1276810
 1282510 1288210 1293910 1299610 1305310 1311010 1316710 1322410 1328110
 1333810 1339510 1345210 1350910 1356610 1362310 1368010 1373710 1379410
 1385110 1390810 1396510 1402210 1407910 1413610 1419310 1425010 1430710
 1436410 1442110 1447810 1453510 1459210 1464910 1470610 1476310 1482010
 1487710 1493410 1499110 1504810 1510510 1516210 1521910 1527610 1533310
 1539010 1544710 1550410 1556110 1561810 1567510 1573210 1578910 1584610
 1590310 1596010 1601710 1607410 1613110 1618810 1624510 1630210 1635910
 1641610 1647310 1653010 1658710 1664410 1670110 1675810 1681510 1687210
 1692910 1698610 1704310 1710010 1715710 1721410 1727110 1732810 1738510
 1744210 1749910 1755610 1761310 1767010 1772710 1778410 1784110 1789610]
y: [    -10    5700   11400   17100   22800   28500   34200   39900   45600
   51300   57000   62700   68400   74100   79800   85500   91200   96900
  102600  108300  114000  119700  125400  131100  136800  142500  148200
  153900  159600  165300  171000  176700  182400  188100  193800  199500
  205200  210900  216600  222300  228000  233700  239400  245100  250800
  256500  262200  267900  273600  279300  285000  290700  296400  302100
  307800  313500  319200  324900  330600  336300  342000  347700  353400
  359100  364800  370500  376200  381900  387600  393300  399000  404700
  410400  416100  421800  427500  433200  438900  444600  450300  456000
  461700  467400  473100  478800  484500  490200  495900  501600  507300
  513000  518700  524400  530100  535800  541500  547200  552900  558600
  564300  570000  575700  581400  587100  592800  598500  604200  609900
  615600  621300  627000  632700  638400  644100  649800  655500  661200
  666900  672600  678300  684000  689700  695400  701100  706800  712500
  718200  723900  729600  735300  741000  746700  752400  758100  763800
  769500  775200  780900  786600  792300  798000  803700  809400  815100
  820800  826500  832200  837900  843600  849300  855000  860700  866400
  872100  877800  883500  889200  894900  900600  906300  912000  917700
  923400  929100  934800  940500  946200  951900  957600  963300  969000
  974700  980400  986100  991800  997500 1003200 1008900 1014600 1020300
 1026000 1031700 1037400 1043100 1048800 1054500 1060200 1065900 1071600
 1077300 1083000 1088700 1094400 1100100 1105800 1111500 1117200 1122900
 1128600 1134300 1140000 1145700 1151400 1157100 1162800 1168500 1174200
 1179900 1185600 1191300 1197000 1202700 1208400 1214100 1219800 1225500
 1231200 1236900 1242600 1248300 1254000 1259700 1265400 1271100 1276800
 1282500 1288200 1293900 1299600 1305300 1311000 1316700 1322400 1328100
 1333800 1339500 1345200 1350900 1356600 1362300 1368000 1373700 1379400
 1385100 1390800 1396500 1402200 1407900 1413600 1419300 1425000 1430700
 1436400 1442100 1447800 1453500 1459200 1464900 1470600 1476300 1482000
 1487700 1493400 1499100 1504800 1510500 1516200 1521900 1527600 1533300
 1539000 1544700 1550400 1556100 1561800 1567500 1573200 1578900 1584600
 1590300 1596000 1601700 1607400 1613100 1618800 1624500 1630200 1635900
 1641600 1647300 1653000 1658700 1664400 1670100 1675800 1681500 1687200
 1692900 1698600 1704300 1710000 1715700 1721400 1727100 1732800 1738500
 1744200 1749900 1755600 1761300 1767000 1772700 1778400 1784100 1789050]
aes_256_50
x: [    -10    5710   11410   17110   22810   28510   34210   39910   45610
   51310   57010   62710   68410   74110   79810   85510   91210   96910
  102610  108310  114010  119710  125410  131110  136810  142510  148210
  153910  159610  165310  171010  176710  182410  188110  193810  199510
  205210  210910  216610  222310  228010  233710  239410  245110  250810
  256510  262210  267910  273610  279310  285010  290710  296410  302110
  307810  313510  319210  324910  330610  336310  342010  347710  353410
  359110  364810  370510  376210  381910  387610  393310  399010  404710
  410410  416110  421810  427510  433210  438910  444610  450310  456010
  461710  467410  473110  478810  484510  490210  495910  501610  507310
  513010  518710  524410  530110  535810  541510  547210  552910  558610
  564310  570010  575710  581410  587110  592810  598510  604210  609910
  615610  621310  627010  632710  638410  644110  649810  655510  661210
  666910  672610  678310  684010  689710  695410  701110  706810  712510
  718210  723910  729610  735310  741010  746710  752410  758110  763810
  769510  775210  780910  786610  792310  798010  803710  809410  815110
  820810  826510  832210  837910  843610  849310  855010  860710  866410
  872110  877810  883510  889210  894910  900610  906310  912010  917710
  923410  929110  934810  940510  946210  951910  957610  963310  969010
  974710  980410  986110  991810  997510 1003210 1008910 1014610 1020310
 1026010 1031710 1037410 1043110 1048810 1054510 1060210 1065910 1071610
 1077310 1083010 1088710 1094410 1100110 1105810 1111510 1117210 1122910
 1128610 1134310 1140010 1145710 1151410 1157110 1162810 1168510 1174210
 1179910 1185610 1191310 1197010 1202710 1208410 1214110 1219810 1225510
 1231210 1236910 1242610 1248310 1254010 1259710 1265410 1271110 1276810
 1282510 1288210 1293910 1299610 1305310 1311010 1316710 1322410 1328110
 1333810 1339510 1345210 1350910 1356610 1362310 1368010 1373710 1379410
 1385110 1390810 1396510 1402210 1407910 1413610 1419310 1425010 1430710
 1436410 1442110 1447810 1453510 1459210 1464910 1470610 1476310 1482010
 1487710 1493410 1499110 1504810 1510510 1516210 1521910 1527610 1533310
 1539010 1544710 1550410 1556110 1561810 1567510 1573210 1578910 1584610
 1590310 1596010 1601710 1607410 1613110 1618810 1624510 1630210 1635910
 1641610 1647310 1653010 1658710 1664410 1670110 1675810 1681510 1687210
 1692910 1698610 1704310 1710010 1715710 1721410 1727110 1732810 1738510
 1744210 1749910 1755610 1761310 1767010 1772710 1778410 1784110 1789810
 1795510 1801210 1806910 1812610 1818310 1824010 1829710 1835410 1841110
 1846810 1852510 1858210 1863910 1869610 1875310 1881010 1886710 1892410
 1898110 1903810 1909510 1915210 1920910 1926610 1932310 1938010 1943710
 1949410 1955110 1960810 1966510 1972210 1977910 1983610 1989310 1995010
 2000710 2006410 2012110 2017810 2023510 2029210 2034910 2040610 2046310
 2052010 2057710 2063410 2069110 2074810 2080510 2086210 2091910 2097610
 2103310 2109010 2114710 2120410 2126110 2131810 2137510 2143210 2148910
 2154610 2160310 2166010 2171710 2177410 2183110 2188810 2194510 2197610]
y: [    -10    5700   11400   17100   22800   28500   34200   39900   45600
   51300   57000   62700   68400   74100   79800   85500   91200   96900
  102600  108300  114000  119700  125400  131100  136800  142500  148200
  153900  159600  165300  171000  176700  182400  188100  193800  199500
  205200  210900  216600  222300  228000  233700  239400  245100  250800
  256500  262200  267900  273600  279300  285000  290700  296400  302100
  307800  313500  319200  324900  330600  336300  342000  347700  353400
  359100  364800  370500  376200  381900  387600  393300  399000  404700
  410400  416100  421800  427500  433200  438900  444600  450300  456000
  461700  467400  473100  478800  484500  490200  495900  501600  507300
  513000  518700  524400  530100  535800  541500  547200  552900  558600
  564300  570000  575700  581400  587100  592800  598500  604200  609900
  615600  621300  627000  632700  638400  644100  649800  655500  661200
  666900  672600  678300  684000  689700  695400  701100  706800  712500
  718200  723900  729600  735300  741000  746700  752400  758100  763800
  769500  775200  780900  786600  792300  798000  803700  809400  815100
  820800  826500  832200  837900  843600  849300  855000  860700  866400
  872100  877800  883500  889200  894900  900600  906300  912000  917700
  923400  929100  934800  940500  946200  951900  957600  963300  969000
  974700  980400  986100  991800  997500 1003200 1008900 1014600 1020300
 1026000 1031700 1037400 1043100 1048800 1054500 1060200 1065900 1071600
 1077300 1083000 1088700 1094400 1100100 1105800 1111500 1117200 1122900
 1128600 1134300 1140000 1145700 1151400 1157100 1162800 1168500 1174200
 1179900 1185600 1191300 1197000 1202700 1208400 1214100 1219800 1225500
 1231200 1236900 1242600 1248300 1254000 1259700 1265400 1271100 1276800
 1282500 1288200 1293900 1299600 1305300 1311000 1316700 1322400 1328100
 1333800 1339500 1345200 1350900 1356600 1362300 1368000 1373700 1379400
 1385100 1390800 1396500 1402200 1407900 1413600 1419300 1425000 1430700
 1436400 1442100 1447800 1453500 1459200 1464900 1470600 1476300 1482000
 1487700 1493400 1499100 1504800 1510500 1516200 1521900 1527600 1533300
 1539000 1544700 1550400 1556100 1561800 1567500 1573200 1578900 1584600
 1590300 1596000 1601700 1607400 1613100 1618800 1624500 1630200 1635900
 1641600 1647300 1653000 1658700 1664400 1670100 1675800 1681500 1687200
 1692900 1698600 1704300 1710000 1715700 1721400 1727100 1732800 1738500
 1744200 1749900 1755600 1761300 1767000 1772700 1778400 1784100 1789800
 1795500 1801200 1806900 1812600 1818300 1824000 1829700 1835400 1841100
 1846800 1852500 1858200 1863900 1869600 1875300 1881000 1886700 1892400
 1898100 1903800 1909500 1915200 1920900 1926600 1932300 1938000 1943700
 1949400 1955100 1960800 1966500 1972200 1977900 1983600 1989300 1995000
 2000700 2006400 2012100 2017800 2023500 2029200 2034900 2040600 2046300
 2052000 2057700 2063400 2069100 2074800 2080500 2086200 2091900 2097600
 2103300 2109000 2114700 2120400 2126100 2131800 2137500 2143200 2148900
 2154600 2160300 2166000 2171700 2177400 2183100 2188800 2196030]
aes_256_100
x: [    -10    5710   11410   17110   22810   28510   34210   39910   45610
   51310   57010   62710   68410   74110   79810   85510   91210   96910
  102610  108310  114010  119710  125410  131110  136810  142510  148210
  153910  159610  165310  171010  176710  182410  188110  193810  199510
  205210  210910  216610  222310  228010  233710  239410  245110  250810
  256510  262210  267910  273610  279310  285010  290710  296410  302110
  307810  313510  319210  324910  330610  336310  342010  347710  353410
  359110  364810  370510  376210  381910  387610  393310  399010  404710
  410410  416110  421810  427510  433210  438910  444610  450310  456010
  461710  467410  473110  478810  484510  490210  495910  501610  507310
  513010  518710  524410  530110  535810  541510  547210  552910  558610
  564310  570010  575710  581410  587110  592810  598510  604210  609910
  615610  621310  627010  632710  638410  644110  649810  655510  661210
  666910  672610  678310  684010  689710  695410  701110  706810  712510
  718210  723910  729610  735310  741010  746710  752410  758110  763810
  769510  775210  780910  786610  792310  798010  803710  809410  815110
  820810  826510  832210  837910  843610  849310  855010  860710  866410
  872110  877810  883510  889210  894910  900610  906310  912010  917710
  923410  929110  934810  940510  946210  951910  957610  963310  969010
  974710  980410  986110  991810  997510 1003210 1008910 1014610 1020310
 1026010 1031710 1037410 1043110 1048810 1054510 1060210 1065910 1071610
 1077310 1083010 1088710 1094410 1100110 1105810 1111510 1117210 1122910
 1128610 1134310 1140010 1145710 1151410 1157110 1162810 1168510 1174210
 1179910 1185610 1191310 1197010 1202710 1208410 1214110 1219810 1225510
 1231210 1236910 1242610 1248310 1254010 1259710 1265410 1271110 1276810
 1282510 1288210 1293910 1299610 1305310 1311010 1316710 1322410 1328110
 1333810 1339510 1345210 1350910 1356610 1362310 1368010 1373710 1379410
 1385110 1390810 1396510 1402210 1407910 1413610 1419310 1425010 1430710
 1436410 1442110 1447810 1453510 1459210 1464910 1470610 1476310 1482010
 1487710 1493410 1499110 1504810 1510510 1516210 1521910 1527610 1533310
 1539010 1544710 1550410 1556110 1561810 1567510 1573210 1578910 1584610
 1590310 1596010 1601710 1607410 1613110 1618810 1624510 1630210 1635910
 1641610 1647310 1653010 1658710 1664410 1670110 1675810 1681510 1687210
 1692910 1698610 1704310 1710010 1715710 1721410 1727110 1732810 1738510
 1744210 1749910 1755610 1761310 1767010 1772710 1778410 1784110 1789810
 1795510 1801210 1806910 1812610 1818310 1824010 1829710 1835410 1841110
 1846810 1852510 1858210 1863910 1869610 1875310 1881010 1886710 1892410
 1898110 1903810 1909510 1915210 1920910 1926610 1932310 1938010 1943710
 1949410 1955110 1960810 1966510 1972210 1977910 1983610 1989310 1995010
 2000710 2006410 2012110 2017810 2023510 2029210 2034910 2040610 2046310
 2052010 2057710 2063410 2069110 2074810 2080510 2086210 2091910 2097610
 2103310 2109010 2114710 2120410 2126110 2131810 2137510 2143210 2148910
 2154610 2160310 2166010 2171710 2177410 2183110 2191210]
y: [    -10    5700   11400   17100   22800   28500   34200   39900   45600
   51300   57000   62700   68400   74100   79800   85500   91200   96900
  102600  108300  114000  119700  125400  131100  136800  142500  148200
  153900  159600  165300  171000  176700  182400  188100  193800  199500
  205200  210900  216600  222300  228000  233700  239400  245100  250800
  256500  262200  267900  273600  279300  285000  290700  296400  302100
  307800  313500  319200  324900  330600  336300  342000  347700  353400
  359100  364800  370500  376200  381900  387600  393300  399000  404700
  410400  416100  421800  427500  433200  438900  444600  450300  456000
  461700  467400  473100  478800  484500  490200  495900  501600  507300
  513000  518700  524400  530100  535800  541500  547200  552900  558600
  564300  570000  575700  581400  587100  592800  598500  604200  609900
  615600  621300  627000  632700  638400  644100  649800  655500  661200
  666900  672600  678300  684000  689700  695400  701100  706800  712500
  718200  723900  729600  735300  741000  746700  752400  758100  763800
  769500  775200  780900  786600  792300  798000  803700  809400  815100
  820800  826500  832200  837900  843600  849300  855000  860700  866400
  872100  877800  883500  889200  894900  900600  906300  912000  917700
  923400  929100  934800  940500  946200  951900  957600  963300  969000
  974700  980400  986100  991800  997500 1003200 1008900 1014600 1020300
 1026000 1031700 1037400 1043100 1048800 1054500 1060200 1065900 1071600
 1077300 1083000 1088700 1094400 1100100 1105800 1111500 1117200 1122900
 1128600 1134300 1140000 1145700 1151400 1157100 1162800 1168500 1174200
 1179900 1185600 1191300 1197000 1202700 1208400 1214100 1219800 1225500
 1231200 1236900 1242600 1248300 1254000 1259700 1265400 1271100 1276800
 1282500 1288200 1293900 1299600 1305300 1311000 1316700 1322400 1328100
 1333800 1339500 1345200 1350900 1356600 1362300 1368000 1373700 1379400
 1385100 1390800 1396500 1402200 1407900 1413600 1419300 1425000 1430700
 1436400 1442100 1447800 1453500 1459200 1464900 1470600 1476300 1482000
 1487700 1493400 1499100 1504800 1510500 1516200 1521900 1527600 1533300
 1539000 1544700 1550400 1556100 1561800 1567500 1573200 1578900 1584600
 1590300 1596000 1601700 1607400 1613100 1618800 1624500 1630200 1635900
 1641600 1647300 1653000 1658700 1664400 1670100 1675800 1681500 1687200
 1692900 1698600 1704300 1710000 1715700 1721400 1727100 1732800 1738500
 1744200 1749900 1755600 1761300 1767000 1772700 1778400 1784100 1789800
 1795500 1801200 1806900 1812600 1818300 1824000 1829700 1835400 1841100
 1846800 1852500 1858200 1863900 1869600 1875300 1881000 1886700 1892400
 1898100 1903800 1909500 1915200 1920900 1926600 1932300 1938000 1943700
 1949400 1955100 1960800 1966500 1972200 1977900 1983600 1989300 1995000
 2000700 2006400 2012100 2017800 2023500 2029200 2034900 2040600 2046300
 2052000 2057700 2063400 2069100 2074800 2080500 2086200 2091900 2097600
 2103300 2109000 2114700 2120400 2126100 2131800 2137500 2143200 2148900
 2154600 2160300 2166000 2171700 2177400 2185770]
aes_256_150
x: [    -10    5710   11410   17110   22810   28510   34210   39910   45610
   51310   57010   62710   68410   74110   79810   85510   91210   96910
  102610  108310  114010  119710  125410  131110  136810  142510  148210
  153910  159610  165310  171010  176710  182410  188110  193810  199510
  205210  210910  216610  222310  228010  233710  239410  245110  250810
  256510  262210  267910  273610  279310  285010  290710  296410  302110
  307810  313510  319210  324910  330610  336310  342010  347710  353410
  359110  364810  370510  376210  381910  387610  393310  399010  404710
  410410  416110  421810  427510  433210  438910  444610  450310  456010
  461710  467410  473110  478810  484510  490210  495910  501610  507310
  513010  518710  524410  530110  535810  541510  547210  552910  558610
  564310  570010  575710  581410  587110  592810  598510  604210  609910
  615610  621310  627010  632710  638410  644110  649810  655510  661210
  666910  672610  678310  684010  689710  695410  701110  706810  712510
  718210  723910  729610  735310  741010  746710  752410  758110  763810
  769510  775210  780910  786610  792310  798010  803710  809410  815110
  820810  826510  832210  837910  843610  849310  855010  860710  866410
  872110  877810  883510  889210  894910  900610  906310  912010  917710
  923410  929110  934810  940510  946210  951910  957610  963310  969010
  974710  980410  986110  991810  997510 1003210 1008910 1014610 1020310
 1026010 1031710 1037410 1043110 1048810 1054510 1060210 1065910 1071610
 1077310 1083010 1088710 1094410 1100110 1105810 1111510 1117210 1122910
 1128610 1134310 1140010 1145710 1151410 1157110 1162810 1168510 1174210
 1179910 1185610 1191310 1197010 1202710 1208410 1214110 1219810 1225510
 1231210 1236910 1242610 1248310 1254010 1259710 1265410 1271110 1276810
 1282510 1288210 1293910 1299610 1305310 1311010 1316710 1322410 1328110
 1333810 1339510 1345210 1350910 1356610 1362310 1368010 1373710 1379410
 1385110 1390810 1396510 1402210 1407910 1413610 1419310 1425010 1430710
 1436410 1442110 1447810 1453510 1459210 1464910 1470610 1476310 1482010
 1487710 1493410 1499110 1504810 1510510 1516210 1521910 1527610 1533310
 1539010 1544710 1550410 1556110 1561810 1567510 1573210 1578910 1584610
 1590310 1596010 1601710 1607410 1613110 1618810 1624510 1630210 1635910
 1641610 1647310 1653010 1658710 1664410 1670110 1675810 1681510 1687210
 1692910 1698610 1704310 1710010 1715710 1721410 1727110 1732810 1738510
 1744210 1749910 1755610 1761310 1767010 1772710 1778410 1784110 1789810
 1795510 1801210 1806910 1812610 1818310 1824010 1829710 1835410 1841110
 1846810 1852510 1858210 1863910 1869610 1875310 1881010 1886710 1892410
 1898110 1903810 1909510 1915210 1920910 1926610 1932310 1938010 1943710
 1949410 1955110 1960810 1966510 1972210 1977910 1983610 1989310 1995010
 2000710 2006410 2012110 2017810 2023510 2029210 2034910 2040610 2046310
 2052010 2057710 2063410 2069110 2074810 2080510 2086210 2091910 2097610
 2103310 2109010 2114710 2120410 2126110 2131810 2137510 2143210 2148910
 2154610 2160310 2166010 2171710 2177410 2183110 2188810 2195610]
y: [    -10    5700   11400   17100   22800   28500   34200   39900   45600
   51300   57000   62700   68400   74100   79800   85500   91200   96900
  102600  108300  114000  119700  125400  131100  136800  142500  148200
  153900  159600  165300  171000  176700  182400  188100  193800  199500
  205200  210900  216600  222300  228000  233700  239400  245100  250800
  256500  262200  267900  273600  279300  285000  290700  296400  302100
  307800  313500  319200  324900  330600  336300  342000  347700  353400
  359100  364800  370500  376200  381900  387600  393300  399000  404700
  410400  416100  421800  427500  433200  438900  444600  450300  456000
  461700  467400  473100  478800  484500  490200  495900  501600  507300
  513000  518700  524400  530100  535800  541500  547200  552900  558600
  564300  570000  575700  581400  587100  592800  598500  604200  609900
  615600  621300  627000  632700  638400  644100  649800  655500  661200
  666900  672600  678300  684000  689700  695400  701100  706800  712500
  718200  723900  729600  735300  741000  746700  752400  758100  763800
  769500  775200  780900  786600  792300  798000  803700  809400  815100
  820800  826500  832200  837900  843600  849300  855000  860700  866400
  872100  877800  883500  889200  894900  900600  906300  912000  917700
  923400  929100  934800  940500  946200  951900  957600  963300  969000
  974700  980400  986100  991800  997500 1003200 1008900 1014600 1020300
 1026000 1031700 1037400 1043100 1048800 1054500 1060200 1065900 1071600
 1077300 1083000 1088700 1094400 1100100 1105800 1111500 1117200 1122900
 1128600 1134300 1140000 1145700 1151400 1157100 1162800 1168500 1174200
 1179900 1185600 1191300 1197000 1202700 1208400 1214100 1219800 1225500
 1231200 1236900 1242600 1248300 1254000 1259700 1265400 1271100 1276800
 1282500 1288200 1293900 1299600 1305300 1311000 1316700 1322400 1328100
 1333800 1339500 1345200 1350900 1356600 1362300 1368000 1373700 1379400
 1385100 1390800 1396500 1402200 1407900 1413600 1419300 1425000 1430700
 1436400 1442100 1447800 1453500 1459200 1464900 1470600 1476300 1482000
 1487700 1493400 1499100 1504800 1510500 1516200 1521900 1527600 1533300
 1539000 1544700 1550400 1556100 1561800 1567500 1573200 1578900 1584600
 1590300 1596000 1601700 1607400 1613100 1618800 1624500 1630200 1635900
 1641600 1647300 1653000 1658700 1664400 1670100 1675800 1681500 1687200
 1692900 1698600 1704300 1710000 1715700 1721400 1727100 1732800 1738500
 1744200 1749900 1755600 1761300 1767000 1772700 1778400 1784100 1789800
 1795500 1801200 1806900 1812600 1818300 1824000 1829700 1835400 1841100
 1846800 1852500 1858200 1863900 1869600 1875300 1881000 1886700 1892400
 1898100 1903800 1909500 1915200 1920900 1926600 1932300 1938000 1943700
 1949400 1955100 1960800 1966500 1972200 1977900 1983600 1989300 1995000
 2000700 2006400 2012100 2017800 2023500 2029200 2034900 2040600 2046300
 2052000 2057700 2063400 2069100 2074800 2080500 2086200 2091900 2097600
 2103300 2109000 2114700 2120400 2126100 2131800 2137500 2143200 2148900
 2154600 2160300 2166000 2171700 2177400 2183100 2189190]
aes_256_200
x: [    -10    5710   11410   17110   22810   28510   34210   39910   45610
   51310   57010   62710   68410   74110   79810   85510   91210   96910
  102610  108310  114010  119710  125410  131110  136810  142510  148210
  153910  159610  165310  171010  176710  182410  188110  193810  199510
  205210  210910  216610  222310  228010  233710  239410  245110  250810
  256510  262210  267910  273610  279310  285010  290710  296410  302110
  307810  313510  319210  324910  330610  336310  342010  347710  353410
  359110  364810  370510  376210  381910  387610  393310  399010  404710
  410410  416110  421810  427510  433210  438910  444610  450310  456010
  461710  467410  473110  478810  484510  490210  495910  501610  507310
  513010  518710  524410  530110  535810  541510  547210  552910  558610
  564310  570010  575710  581410  587110  592810  598510  604210  609910
  615610  621310  627010  632710  638410  644110  649810  655510  661210
  666910  672610  678310  684010  689710  695410  701110  706810  712510
  718210  723910  729610  735310  741010  746710  752410  758110  763810
  769510  775210  780910  786610  792310  798010  803710  809410  815110
  820810  826510  832210  837910  843610  849310  855010  860710  866410
  872110  877810  883510  889210  894910  900610  906310  912010  917710
  923410  929110  934810  940510  946210  951910  957610  963310  969010
  974710  980410  986110  991810  997510 1003210 1008910 1014610 1020310
 1026010 1031710 1037410 1043110 1048810 1054510 1060210 1065910 1071610
 1077310 1083010 1088710 1094410 1100110 1105810 1111510 1117210 1122910
 1128610 1134310 1140010 1145710 1151410 1157110 1162810 1168510 1174210
 1179910 1185610 1191310 1197010 1202710 1208410 1214110 1219810 1225510
 1231210 1236910 1242610 1248310 1254010 1259710 1265410 1271110 1276810
 1282510 1288210 1293910 1299610 1305310 1311010 1316710 1322410 1328110
 1333810 1339510 1345210 1350910 1356610 1362310 1368010 1373710 1379410
 1385110 1390810 1396510 1402210 1407910 1413610 1419310 1425010 1430710
 1436410 1442110 1447810 1453510 1459210 1464910 1470610 1476310 1482010
 1487710 1493410 1499110 1504810 1510510 1516210 1521910 1527610 1533310
 1539010 1544710 1550410 1556110 1561810 1567510 1573210 1578910 1584610
 1590310 1596010 1601710 1607410 1613110 1618810 1624510 1630210 1635910
 1641610 1647310 1653010 1658710 1664410 1670110 1675810 1681510 1687210
 1692910 1698610 1704310 1710010 1715710 1721410 1727110 1732810 1738510
 1744210 1749910 1755610 1761310 1767010 1772710 1778410 1784110 1789810
 1795510 1801210 1806910 1812610 1818310 1824010 1829710 1835410 1841110
 1846810 1852510 1858210 1863910 1869610 1875310 1881010 1886710 1892410
 1898110 1903810 1909510 1915210 1920910 1926610 1932310 1938010 1943710
 1949410 1955110 1960810 1966510 1972210 1977910 1983610 1989310 1995010
 2000710 2006410 2012110 2017810 2023510 2029210 2034910 2040610 2046310
 2052010 2057710 2063410 2069110 2074810 2080510 2086210 2091910 2097610
 2103310 2109010 2114710 2120410 2126110 2131810 2137510 2143210 2148910
 2154610 2160310 2166010 2171710 2178010]
y: [    -10    5700   11400   17100   22800   28500   34200   39900   45600
   51300   57000   62700   68400   74100   79800   85500   91200   96900
  102600  108300  114000  119700  125400  131100  136800  142500  148200
  153900  159600  165300  171000  176700  182400  188100  193800  199500
  205200  210900  216600  222300  228000  233700  239400  245100  250800
  256500  262200  267900  273600  279300  285000  290700  296400  302100
  307800  313500  319200  324900  330600  336300  342000  347700  353400
  359100  364800  370500  376200  381900  387600  393300  399000  404700
  410400  416100  421800  427500  433200  438900  444600  450300  456000
  461700  467400  473100  478800  484500  490200  495900  501600  507300
  513000  518700  524400  530100  535800  541500  547200  552900  558600
  564300  570000  575700  581400  587100  592800  598500  604200  609900
  615600  621300  627000  632700  638400  644100  649800  655500  661200
  666900  672600  678300  684000  689700  695400  701100  706800  712500
  718200  723900  729600  735300  741000  746700  752400  758100  763800
  769500  775200  780900  786600  792300  798000  803700  809400  815100
  820800  826500  832200  837900  843600  849300  855000  860700  866400
  872100  877800  883500  889200  894900  900600  906300  912000  917700
  923400  929100  934800  940500  946200  951900  957600  963300  969000
  974700  980400  986100  991800  997500 1003200 1008900 1014600 1020300
 1026000 1031700 1037400 1043100 1048800 1054500 1060200 1065900 1071600
 1077300 1083000 1088700 1094400 1100100 1105800 1111500 1117200 1122900
 1128600 1134300 1140000 1145700 1151400 1157100 1162800 1168500 1174200
 1179900 1185600 1191300 1197000 1202700 1208400 1214100 1219800 1225500
 1231200 1236900 1242600 1248300 1254000 1259700 1265400 1271100 1276800
 1282500 1288200 1293900 1299600 1305300 1311000 1316700 1322400 1328100
 1333800 1339500 1345200 1350900 1356600 1362300 1368000 1373700 1379400
 1385100 1390800 1396500 1402200 1407900 1413600 1419300 1425000 1430700
 1436400 1442100 1447800 1453500 1459200 1464900 1470600 1476300 1482000
 1487700 1493400 1499100 1504800 1510500 1516200 1521900 1527600 1533300
 1539000 1544700 1550400 1556100 1561800 1567500 1573200 1578900 1584600
 1590300 1596000 1601700 1607400 1613100 1618800 1624500 1630200 1635900
 1641600 1647300 1653000 1658700 1664400 1670100 1675800 1681500 1687200
 1692900 1698600 1704300 1710000 1715700 1721400 1727100 1732800 1738500
 1744200 1749900 1755600 1761300 1767000 1772700 1778400 1784100 1789800
 1795500 1801200 1806900 1812600 1818300 1824000 1829700 1835400 1841100
 1846800 1852500 1858200 1863900 1869600 1875300 1881000 1886700 1892400
 1898100 1903800 1909500 1915200 1920900 1926600 1932300 1938000 1943700
 1949400 1955100 1960800 1966500 1972200 1977900 1983600 1989300 1995000
 2000700 2006400 2012100 2017800 2023500 2029200 2034900 2040600 2046300
 2052000 2057700 2063400 2069100 2074800 2080500 2086200 2091900 2097600
 2103300 2109000 2114700 2120400 2126100 2131800 2137500 2143200 2148900
 2154600 2160300 2166000 2171700 2175510]
LinkRunCCA_50
x: [    -10    5710   11410   17110   22810   28510   34210   39910   45610
   51310   57010   62710   68410   74110   79810   85510   91210   96910
  102610  108310  114010  119710  125410  131110  136810  142510  148210
  153910  159610  165310  171010  176710  182410  188110  193810  199510
  205210  210910  216610  222310  228010  233710  239410  245110  250810
  256510  262210  267910  273610  279310  285010  290710  296410  302110
  307810  313510  319210  324910  330610  336310  342010  347710  353410
  359110  364810  370510  376210  381910  387610  393310  399010  404710
  410410  416110  421810  427510  433210  438910  444610  450310  456010
  461710  467410  473110  478810  484510  490210  495910  501610  507310
  513010  518710  524410  530110  535810  541510  547210  552910  558610
  564310  570010  575710  581410  587110  592810  598510  604210  609910
  615610  621310  627010  632710  638410  644110  649810  655510  661210
  666910  672610  678310  684010  689710  695410  701110  706810  712510
  718210  723910  729610  735310  741010  746710  752410  758110  763810
  769510  775210  780910  786610  792310  798010  803710  809410  815110
  820810  826510  832210  837910  843610  849310  855010  860710  866410
  872110  877810  883510  889210  894910  900610  906310  912010  917710
  923410  929110  934810  940510  946210  951910  957610  963310  969010
  974710  980410  986110  991810  997510 1003210 1008910 1014610 1020310
 1026010 1031710 1037410 1043110 1048810 1054510 1060210 1065910 1071610
 1077310 1083010 1088710 1094410 1100110 1105810 1111510 1117210 1122910
 1128610 1134310 1140010 1145710 1151410 1157110 1162810 1168510 1174210
 1179910 1185610 1191310 1197010 1202710 1208410 1214110 1219810 1225510
 1231210 1236910 1242610 1248310 1254010 1259710 1265410 1271110 1276810
 1282510 1288210 1293910 1299610 1305310 1311010 1316710 1322410 1328110
 1333810 1339510 1345210 1350910 1356610 1362310 1368010 1373710 1379410
 1385110 1392010]
y: [    -10    5700   11400   17100   22800   28500   34200   39900   45600
   51300   57000   62700   68400   74100   79800   85500   91200   96900
  102600  108300  114000  119700  125400  131100  136800  142500  148200
  153900  159600  165300  171000  176700  182400  188100  193800  199500
  205200  210900  216600  222300  228000  233700  239400  245100  250800
  256500  262200  267900  273600  279300  285000  290700  296400  302100
  307800  313500  319200  324900  330600  336300  342000  347700  353400
  359100  364800  370500  376200  381900  387600  393300  399000  404700
  410400  416100  421800  427500  433200  438900  444600  450300  456000
  461700  467400  473100  478800  484500  490200  495900  501600  507300
  513000  518700  524400  530100  535800  541500  547200  552900  558600
  564300  570000  575700  581400  587100  592800  598500  604200  609900
  615600  621300  627000  632700  638400  644100  649800  655500  661200
  666900  672600  678300  684000  689700  695400  701100  706800  712500
  718200  723900  729600  735300  741000  746700  752400  758100  763800
  769500  775200  780900  786600  792300  798000  803700  809400  815100
  820800  826500  832200  837900  843600  849300  855000  860700  866400
  872100  877800  883500  889200  894900  900600  906300  912000  917700
  923400  929100  934800  940500  946200  951900  957600  963300  969000
  974700  980400  986100  991800  997500 1003200 1008900 1014600 1020300
 1026000 1031700 1037400 1043100 1048800 1054500 1060200 1065900 1071600
 1077300 1083000 1088700 1094400 1100100 1105800 1111500 1117200 1122900
 1128600 1134300 1140000 1145700 1151400 1157100 1162800 1168500 1174200
 1179900 1185600 1191300 1197000 1202700 1208400 1214100 1219800 1225500
 1231200 1236900 1242600 1248300 1254000 1259700 1265400 1271100 1276800
 1282500 1288200 1293900 1299600 1305300 1311000 1316700 1322400 1328100
 1333800 1339500 1345200 1350900 1356600 1362300 1368000 1373700 1379400
 1385490]
LinkRunCCA_100
x: [    -10    5710   11410   17110   22810   28510   34210   39910   45610
   51310   57010   62710   68410   74110   79810   85510   91210   96910
  102610  108310  114010  119710  125410  131110  136810  142510  148210
  153910  159610  165310  171010  176710  182410  188110  193810  199510
  205210  210910  216610  222310  228010  233710  239410  245110  250810
  256510  262210  267910  273610  279310  285010  290710  296410  302110
  307810  313510  319210  324910  330610  336310  342010  347710  353410
  359110  364810  370510  376210  381910  387610  393310  399010  404710
  410410  416110  421810  427510  433210  438910  444610  450310  456010
  461710  467410  473110  478810  484510  490210  495910  501610  507310
  513010  518710  524410  530110  535810  541510  547210  552910  558610
  564310  570010  575710  581410  587110  592810  598510  604210  609910
  615610  621310  627010  632710  638410  644110  649810  655510  661210
  666910  672610  678310  684010  689710  695410  701110  706810  712510
  718210  723910  729610  735310  741010  746710  752410  758110  763810
  769510  775210  780910  786610  792310  798010  803710  809410  815110
  820810  826510  832210  837910  843610  849310  855010  860710  866410
  872110  877810  883510  889210  894910  900610  906310  912010  917710
  923410  929110  934810  940510  946210  951910  957610  963310  969010
  974710  980410  986110  991810  997510 1003210 1008910 1014610 1020310
 1026010 1031710 1037410 1043110 1048810 1054510 1060210 1065910 1071610
 1077310 1083010 1088710 1094410 1100110 1105810 1111510 1117210 1122910
 1128610 1134310 1140010 1145710 1151410 1157110 1162810 1168510 1174210
 1179910 1185610 1191310 1197010 1202710 1208410 1214110 1219810 1225510
 1231210 1236910 1242610 1248310 1254010 1259710 1265410 1271110 1276810
 1282510 1288210 1293910 1299610 1305310 1311010 1316710 1322410 1328110
 1333810 1339510 1345210 1350910 1356610 1362310 1368010 1373710 1379410
 1385110 1391610]
y: [    -10    5700   11400   17100   22800   28500   34200   39900   45600
   51300   57000   62700   68400   74100   79800   85500   91200   96900
  102600  108300  114000  119700  125400  131100  136800  142500  148200
  153900  159600  165300  171000  176700  182400  188100  193800  199500
  205200  210900  216600  222300  228000  233700  239400  245100  250800
  256500  262200  267900  273600  279300  285000  290700  296400  302100
  307800  313500  319200  324900  330600  336300  342000  347700  353400
  359100  364800  370500  376200  381900  387600  393300  399000  404700
  410400  416100  421800  427500  433200  438900  444600  450300  456000
  461700  467400  473100  478800  484500  490200  495900  501600  507300
  513000  518700  524400  530100  535800  541500  547200  552900  558600
  564300  570000  575700  581400  587100  592800  598500  604200  609900
  615600  621300  627000  632700  638400  644100  649800  655500  661200
  666900  672600  678300  684000  689700  695400  701100  706800  712500
  718200  723900  729600  735300  741000  746700  752400  758100  763800
  769500  775200  780900  786600  792300  798000  803700  809400  815100
  820800  826500  832200  837900  843600  849300  855000  860700  866400
  872100  877800  883500  889200  894900  900600  906300  912000  917700
  923400  929100  934800  940500  946200  951900  957600  963300  969000
  974700  980400  986100  991800  997500 1003200 1008900 1014600 1020300
 1026000 1031700 1037400 1043100 1048800 1054500 1060200 1065900 1071600
 1077300 1083000 1088700 1094400 1100100 1105800 1111500 1117200 1122900
 1128600 1134300 1140000 1145700 1151400 1157100 1162800 1168500 1174200
 1179900 1185600 1191300 1197000 1202700 1208400 1214100 1219800 1225500
 1231200 1236900 1242600 1248300 1254000 1259700 1265400 1271100 1276800
 1282500 1288200 1293900 1299600 1305300 1311000 1316700 1322400 1328100
 1333800 1339500 1345200 1350900 1356600 1362300 1368000 1373700 1379400
 1385490]
LinkRunCCA_150
x: [    -10    5710   11410   17110   22810   28510   34210   39910   45610
   51310   57010   62710   68410   74110   79810   85510   91210   96910
  102610  108310  114010  119710  125410  131110  136810  142510  148210
  153910  159610  165310  171010  176710  182410  188110  193810  199510
  205210  210910  216610  222310  228010  233710  239410  245110  250810
  256510  262210  267910  273610  279310  285010  290710  296410  302110
  307810  313510  319210  324910  330610  336310  342010  347710  353410
  359110  364810  370510  376210  381910  387610  393310  399010  404710
  410410  416110  421810  427510  433210  438910  444610  450310  456010
  461710  467410  473110  478810  484510  490210  495910  501610  507310
  513010  518710  524410  530110  535810  541510  547210  552910  558610
  564310  570010  575710  581410  587110  592810  598510  604210  609910
  615610  621310  627010  632710  638410  644110  649810  655510  661210
  666910  672610  678310  684010  689710  695410  701110  706810  712510
  718210  723910  729610  735310  741010  746710  752410  758110  763810
  769510  775210  780910  786610  792310  798010  803710  809410  815110
  820810  826510  832210  837910  843610  849310  855010  860710  866410
  872110  877810  883510  889210  894910  900610  906310  912010  917710
  923410  929110  934810  940510  946210  951910  957610  963310  969010
  974710  980410  986110  991810  997510 1003210 1008910 1014610 1020310
 1026010 1031710 1037410 1043110 1048810 1054510 1060210 1065910 1071610
 1077310 1083010 1088710 1094410 1100110 1105810 1111510 1117210 1122910
 1128610 1134310 1140010 1145710 1151410 1157110 1162810 1168510 1174210
 1179910 1185610 1191310 1197010 1202710 1208410 1214110 1219810 1225510
 1231210 1236910 1242610 1248310 1254010 1259710 1265410 1271110 1276810
 1282510 1288210 1293910 1299610 1305310 1311010 1316710 1322410 1328110
 1333810 1339510 1345210 1350910 1356610 1362310 1368010 1373710 1379410
 1385110 1389210]
y: [    -10    5700   11400   17100   22800   28500   34200   39900   45600
   51300   57000   62700   68400   74100   79800   85500   91200   96900
  102600  108300  114000  119700  125400  131100  136800  142500  148200
  153900  159600  165300  171000  176700  182400  188100  193800  199500
  205200  210900  216600  222300  228000  233700  239400  245100  250800
  256500  262200  267900  273600  279300  285000  290700  296400  302100
  307800  313500  319200  324900  330600  336300  342000  347700  353400
  359100  364800  370500  376200  381900  387600  393300  399000  404700
  410400  416100  421800  427500  433200  438900  444600  450300  456000
  461700  467400  473100  478800  484500  490200  495900  501600  507300
  513000  518700  524400  530100  535800  541500  547200  552900  558600
  564300  570000  575700  581400  587100  592800  598500  604200  609900
  615600  621300  627000  632700  638400  644100  649800  655500  661200
  666900  672600  678300  684000  689700  695400  701100  706800  712500
  718200  723900  729600  735300  741000  746700  752400  758100  763800
  769500  775200  780900  786600  792300  798000  803700  809400  815100
  820800  826500  832200  837900  843600  849300  855000  860700  866400
  872100  877800  883500  889200  894900  900600  906300  912000  917700
  923400  929100  934800  940500  946200  951900  957600  963300  969000
  974700  980400  986100  991800  997500 1003200 1008900 1014600 1020300
 1026000 1031700 1037400 1043100 1048800 1054500 1060200 1065900 1071600
 1077300 1083000 1088700 1094400 1100100 1105800 1111500 1117200 1122900
 1128600 1134300 1140000 1145700 1151400 1157100 1162800 1168500 1174200
 1179900 1185600 1191300 1197000 1202700 1208400 1214100 1219800 1225500
 1231200 1236900 1242600 1248300 1254000 1259700 1265400 1271100 1276800
 1282500 1288200 1293900 1299600 1305300 1311000 1316700 1322400 1328100
 1333800 1339500 1345200 1350900 1356600 1362300 1368000 1373700 1379400
 1385490]
LinkRunCCA_200
x: [    -10    5710   11410   17110   22810   28510   34210   39910   45610
   51310   57010   62710   68410   74110   79810   85510   91210   96910
  102610  108310  114010  119710  125410  131110  136810  142510  148210
  153910  159610  165310  171010  176710  182410  188110  193810  199510
  205210  210910  216610  222310  228010  233710  239410  245110  250810
  256510  262210  267910  273610  279310  285010  290710  296410  302110
  307810  313510  319210  324910  330610  336310  342010  347710  353410
  359110  364810  370510  376210  381910  387610  393310  399010  404710
  410410  416110  421810  427510  433210  438910  444610  450310  456010
  461710  467410  473110  478810  484510  490210  495910  501610  507310
  513010  518710  524410  530110  535810  541510  547210  552910  558610
  564310  570010  575710  581410  587110  592810  598510  604210  609910
  615610  621310  627010  632710  638410  644110  649810  655510  661210
  666910  672610  678310  684010  689710  695410  701110  706810  712510
  718210  723910  729610  735310  741010  746710  752410  758110  763810
  769510  775210  780910  786610  792310  798010  803710  809410  815110
  820810  826510  832210  837910  843610  849310  855010  860710  866410
  872110  877810  883510  889210  894910  900610  906310  912010  917710
  923410  929110  934810  940510  946210  951910  957610  963310  969010
  974710  980410  986110  991810  997510 1003210 1008910 1014610 1020310
 1026010 1031710 1037410 1043110 1048810 1054510 1060210 1065910 1071610
 1077310 1083010 1088710 1094410 1100110 1105810 1111510 1117210 1122910
 1128610 1134310 1140010 1145710 1151410 1157110 1162810 1168510 1174210
 1179910 1185610 1191310 1197010 1202710 1208410 1214110 1219810 1225510
 1231210 1236910 1242610 1248310 1254010 1259710 1265410 1271110 1276810
 1282510 1288210 1293910 1299610 1305310 1311010 1316710 1322410 1328110
 1333810 1339510 1345210 1350910 1356610 1362310 1368010 1373710 1379410
 1385110 1390410]
y: [    -10    5700   11400   17100   22800   28500   34200   39900   45600
   51300   57000   62700   68400   74100   79800   85500   91200   96900
  102600  108300  114000  119700  125400  131100  136800  142500  148200
  153900  159600  165300  171000  176700  182400  188100  193800  199500
  205200  210900  216600  222300  228000  233700  239400  245100  250800
  256500  262200  267900  273600  279300  285000  290700  296400  302100
  307800  313500  319200  324900  330600  336300  342000  347700  353400
  359100  364800  370500  376200  381900  387600  393300  399000  404700
  410400  416100  421800  427500  433200  438900  444600  450300  456000
  461700  467400  473100  478800  484500  490200  495900  501600  507300
  513000  518700  524400  530100  535800  541500  547200  552900  558600
  564300  570000  575700  581400  587100  592800  598500  604200  609900
  615600  621300  627000  632700  638400  644100  649800  655500  661200
  666900  672600  678300  684000  689700  695400  701100  706800  712500
  718200  723900  729600  735300  741000  746700  752400  758100  763800
  769500  775200  780900  786600  792300  798000  803700  809400  815100
  820800  826500  832200  837900  843600  849300  855000  860700  866400
  872100  877800  883500  889200  894900  900600  906300  912000  917700
  923400  929100  934800  940500  946200  951900  957600  963300  969000
  974700  980400  986100  991800  997500 1003200 1008900 1014600 1020300
 1026000 1031700 1037400 1043100 1048800 1054500 1060200 1065900 1071600
 1077300 1083000 1088700 1094400 1100100 1105800 1111500 1117200 1122900
 1128600 1134300 1140000 1145700 1151400 1157100 1162800 1168500 1174200
 1179900 1185600 1191300 1197000 1202700 1208400 1214100 1219800 1225500
 1231200 1236900 1242600 1248300 1254000 1259700 1265400 1271100 1276800
 1282500 1288200 1293900 1299600 1305300 1311000 1316700 1322400 1328100
 1333800 1339500 1345200 1350900 1356600 1362300 1368000 1373700 1379400
 1385490]
keccak_50
x: [   -10   5710  11410  17110  22810  28510  34210  39910  45610  51310
  57010  62710  68410  74110  79810  85510  91210  96910 102610 108310
 114010 119710 125410 131110 136810 142510 148210 153910 159610 165310
 171010 176710 182410 188110 193810 199510 205210 210910 216610 222310
 228010 233710 239410 245110 250810 256510 262210 267910 273610 279310
 285010 290710 296410 302110 307810 313510 319210 324910 330610 336310
 342010 347710 353410 359110 364810 370510 376210 381910 387610 393310
 399010 404710 410410 416110 421810 427510 433210 438910 444610 450310
 456010 461710 467410 473110 478810 484510 490210 495910 501610 507310
 513010 518710 524410 530110 535810 541510 547210 552910 558610 564310
 570010 575710 581410 587110 592810 598510 604210 609910 615610 621310
 627010 632710 638410 644110 649810 655510 661210 666910 672610 678310
 684010 689710 695410 701110 706810 712510 718210 723910 729610 735310
 741010 746710 752410 758110 763810 769510 775210 782010]
y: [   -10   5700  11400  17100  22800  28500  34200  39900  45600  51300
  57000  62700  68400  74100  79800  85500  91200  96900 102600 108300
 114000 119700 125400 131100 136800 142500 148200 153900 159600 165300
 171000 176700 182400 188100 193800 199500 205200 210900 216600 222300
 228000 233700 239400 245100 250800 256500 262200 267900 273600 279300
 285000 290700 296400 302100 307800 313500 319200 324900 330600 336300
 342000 347700 353400 359100 364800 370500 376200 381900 387600 393300
 399000 404700 410400 416100 421800 427500 433200 438900 444600 450300
 456000 461700 467400 473100 478800 484500 490200 495900 501600 507300
 513000 518700 524400 530100 535800 541500 547200 552900 558600 564300
 570000 575700 581400 587100 592800 598500 604200 609900 615600 621300
 627000 632700 638400 644100 649800 655500 661200 666900 672600 678300
 684000 689700 695400 701100 706800 712500 718200 723900 729600 735300
 741000 746700 752400 758100 763800 769500 776730]
keccak_100
x: [   -10   5710  11410  17110  22810  28510  34210  39910  45610  51310
  57010  62710  68410  74110  79810  85510  91210  96910 102610 108310
 114010 119710 125410 131110 136810 142510 148210 153910 159610 165310
 171010 176710 182410 188110 193810 199510 205210 210910 216610 222310
 228010 233710 239410 245110 250810 256510 262210 267910 273610 279310
 285010 290710 296410 302110 307810 313510 319210 324910 330610 336310
 342010 347710 353410 359110 364810 370510 376210 381910 387610 393310
 399010 404710 410410 416110 421810 427510 433210 438910 444610 450310
 456010 461710 467410 473110 478810 484510 490210 495910 501610 507310
 513010 518710 524410 530110 535810 541510 547210 552910 558610 564310
 570010 575710 581410 587110 592810 598510 604210 609910 615610 621310
 627010 632710 638410 644110 649810 655510 661210 666910 672610 678310
 684010 689710 695410 701110 706810 712510 718210 723910 729610 735310
 741010 746710 752410 758110 763810 769510 775210 782010]
y: [   -10   5700  11400  17100  22800  28500  34200  39900  45600  51300
  57000  62700  68400  74100  79800  85500  91200  96900 102600 108300
 114000 119700 125400 131100 136800 142500 148200 153900 159600 165300
 171000 176700 182400 188100 193800 199500 205200 210900 216600 222300
 228000 233700 239400 245100 250800 256500 262200 267900 273600 279300
 285000 290700 296400 302100 307800 313500 319200 324900 330600 336300
 342000 347700 353400 359100 364800 370500 376200 381900 387600 393300
 399000 404700 410400 416100 421800 427500 433200 438900 444600 450300
 456000 461700 467400 473100 478800 484500 490200 495900 501600 507300
 513000 518700 524400 530100 535800 541500 547200 552900 558600 564300
 570000 575700 581400 587100 592800 598500 604200 609900 615600 621300
 627000 632700 638400 644100 649800 655500 661200 666900 672600 678300
 684000 689700 695400 701100 706800 712500 718200 723900 729600 735300
 741000 746700 752400 758100 763800 769500 776730]
keccak_150
x: [   -10   5710  11410  17110  22810  28510  34210  39910  45610  51310
  57010  62710  68410  74110  79810  85510  91210  96910 102610 108310
 114010 119710 125410 131110 136810 142510 148210 153910 159610 165310
 171010 176710 182410 188110 193810 199510 205210 210910 216610 222310
 228010 233710 239410 245110 250810 256510 262210 267910 273610 279310
 285010 290710 296410 302110 307810 313510 319210 324910 330610 336310
 342010 347710 353410 359110 364810 370510 376210 381910 387610 393310
 399010 404710 410410 416110 421810 427510 433210 438910 444610 450310
 456010 461710 467410 473110 478810 484510 490210 495910 501610 507310
 513010 518710 524410 530110 535810 541510 547210 552910 558610 564310
 570010 575710 581410 587110 592810 598510 604210 609910 615610 621310
 627010 632710 638410 644110 649810 655510 661210 666910 672610 678310
 684010 689710 695410 701110 706810 712510 718210 723910 729610 735310
 741010 746710 752410 758110 763810 769510 775210 782010]
y: [   -10   5700  11400  17100  22800  28500  34200  39900  45600  51300
  57000  62700  68400  74100  79800  85500  91200  96900 102600 108300
 114000 119700 125400 131100 136800 142500 148200 153900 159600 165300
 171000 176700 182400 188100 193800 199500 205200 210900 216600 222300
 228000 233700 239400 245100 250800 256500 262200 267900 273600 279300
 285000 290700 296400 302100 307800 313500 319200 324900 330600 336300
 342000 347700 353400 359100 364800 370500 376200 381900 387600 393300
 399000 404700 410400 416100 421800 427500 433200 438900 444600 450300
 456000 461700 467400 473100 478800 484500 490200 495900 501600 507300
 513000 518700 524400 530100 535800 541500 547200 552900 558600 564300
 570000 575700 581400 587100 592800 598500 604200 609900 615600 621300
 627000 632700 638400 644100 649800 655500 661200 666900 672600 678300
 684000 689700 695400 701100 706800 712500 718200 723900 729600 735300
 741000 746700 752400 758100 763800 769500 776730]
keccak_200
x: [   -10   5710  11410  17110  22810  28510  34210  39910  45610  51310
  57010  62710  68410  74110  79810  85510  91210  96910 102610 108310
 114010 119710 125410 131110 136810 142510 148210 153910 159610 165310
 171010 176710 182410 188110 193810 199510 205210 210910 216610 222310
 228010 233710 239410 245110 250810 256510 262210 267910 273610 279310
 285010 290710 296410 302110 307810 313510 319210 324910 330610 336310
 342010 347710 353410 359110 364810 370510 376210 381910 387610 393310
 399010 404710 410410 416110 421810 427510 433210 438910 444610 450310
 456010 461710 467410 473110 478810 484510 490210 495910 501610 507310
 513010 518710 524410 530110 535810 541510 547210 552910 558610 564310
 570010 575710 581410 587110 592810 598510 604210 609910 615610 621310
 627010 632710 638410 644110 649810 655510 661210 666910 672610 678310
 684010 689710 695410 701110 706810 712510 718210 723910 729610 735310
 741010 746710 752410 758110 763810 769510 775210 782010]
y: [   -10   5700  11400  17100  22800  28500  34200  39900  45600  51300
  57000  62700  68400  74100  79800  85500  91200  96900 102600 108300
 114000 119700 125400 131100 136800 142500 148200 153900 159600 165300
 171000 176700 182400 188100 193800 199500 205200 210900 216600 222300
 228000 233700 239400 245100 250800 256500 262200 267900 273600 279300
 285000 290700 296400 302100 307800 313500 319200 324900 330600 336300
 342000 347700 353400 359100 364800 370500 376200 381900 387600 393300
 399000 404700 410400 416100 421800 427500 433200 438900 444600 450300
 456000 461700 467400 473100 478800 484500 490200 495900 501600 507300
 513000 518700 524400 530100 535800 541500 547200 552900 558600 564300
 570000 575700 581400 587100 592800 598500 604200 609900 615600 621300
 627000 632700 638400 644100 649800 655500 661200 666900 672600 678300
 684000 689700 695400 701100 706800 712500 718200 723900 729600 735300
 741000 746700 752400 758100 763800 769500 776730]
